Matrix 0 (A) is
[[ 3.  0.  3.  5.  6.  5.  1.  9.]
 [ 4.  5.  6.  7.  2.  6.  1.  3.]
 [ 5.  7.  7.  8.  5.  7.  8.  0.]
 [ 7.  0.  3.  9.  0.  9.  9.  9.]
 [ 9.  0.  2.  3.  1.  1.  2.  8.]
 [ 8.  0.  7.  5.  3.  5.  2.  4.]
 [ 0.  1.  8.  1.  6.  7.  2.  3.]
 [ 2.  1.  9.  8.  5.  4.  1.  2.]]
Matrix 1 (B) is
[[ 7.  9.  4.  2.  1.  8.  7.  0.]
 [ 4.  7.  3.  4.  7.  0.  6.  0.]
 [ 9.  1.  7.  4.  3.  9.  5.  0.]
 [ 7.  9.  3.  0.  9.  9.  2.  9.]
 [ 8.  7.  2.  6.  5.  7.  8.  3.]
 [ 7.  8.  5.  4.  8.  4.  1.  2.]
 [ 0.  3.  1.  1.  8.  6.  5.  6.]
 [ 7.  7.  8.  9.  4.  2.  0.  6.]]
Answer is
[[ 229.  223.  158.  156.  171.  182.  104.  133.]
 [ 230.  226.  153.  116.  198.  199.  129.  105.]
 [ 271.  288.  167.  132.  292.  286.  215.  149.]
 [ 265.  309.  202.  152.  277.  272.  136.  207.]
 [ 173.  187.  132.  110.  103.  156.   98.   92.]
 [ 241.  219.  161.  120.  161.  233.  140.  100.]
 [ 201.  149.  135.  129.  154.  169.  113.   71.]
 [ 237.  190.  145.  109.  181.  230.  130.  113.]]
Your answer is:
[[ 229.  223.  158.  156.  171.  182.  104.  133.]
 [ 230.  226.  153.  116.  198.  199.  129.  105.]
 [ 271.  288.  167.  132.  292.  286.  215.  149.]
 [ 265.  309.  202.  152.  277.  272.  136.  207.]
 [ 173.  187.  132.  110.  103.  156.   98.   92.]
 [ 241.  219.  161.  120.  161.  233.  140.  100.]
 [ 201.  149.  135.  129.  154.  169.  113.   71.]
 [ 237.  190.  145.  109.  181.  230.  130.  113.]]
##########

                                   ___
                               ,-""   `.
       Thank Mr. Goose       ,'  _   ' )`-._
                            /  ,' `-._<.===-'
                           /  /
                          /  ;
              _          /   ;
 (`._    _.-"" ""--..__,'    |
 <_  `-""                     \
  <`-                          :
   (__   <__.                  ;
     `-.   '-.__.      _.'    /
        \      `-.__,-'    _,'
         `._    ,    /__,-'
            ""._\__,'< <____
                 | |  `----.`.
                 | |        \ `.
                 ; |___      \-``
                 \   --<
                  `.`.<
                    `-'
                    

##########
